00000000000000000000000000000000000000000000000000000000000000000000000000000000
00000000000000000000000000000000000000000000000000000000000000000000000000000000
00000000000000000000000000000000000000000000000000000000000000000000000000000000
00000000000000000000000000000000000000000000000000000000000000000000000000000000
00011100000000000000000001110000000000000000000000111000000000000000000000000000
00010011100000000000000001001110000000000000000000100111000000000000000000000000
00001010000000000000000000101000000000000000000000010100000000000000000000000000
11000000100000000000110000000100000000000000001100000010000000000000000000000000
10100001001000000000101000010010000000000000001010000100100000000000000000000000
10000000110000000000100000001100000000000000001000000011000000000000000000000000
01100000000000000000011000000000000000000000000110000000000000000000000000000000
01001000001011000000010010001011000000000000000100100010110000000000000000000000
01000000001101000000010000001101000000000000000100000011010000000000000000000000
00010100001100100000000101000110010000000000000001010001100100000000000000000000
00001101001100010000000011010011000100000000000000110100110001000000000000000000
00000000100000001000000000001000000010000000000000001000000010000000000000000000
00000001111000101000000000111100010100000000000000111100010100000000000000000000
00000001011000111100000000101100011110000000000000101100011110000000000000000000
00000000100110100000000000001001101000000000000000001001101000000000000000000000
00000000000011000000000000000000110000000000000000000000110000000000000000000000
00000000010111000000000000000010111000000000000000000101110000000000000000000000
00000000001001000000000000000000100100000000000000000010010000000000000000000000
00000000000000000000000000000000000000000000000000000000000000000000000000000000
00000000000000000000000000000000000000000000000000000000000000000000000000000000
00000000000000000000000000000000000000000000000000000000000000000000000000000000